scores: [0.8571594214760496, 0.847963609109164, 0.8634759724853943, 0.8689640477669307, 0.7913609110944663, 0.984675867420232, 0.8128714404406407, 0.8425291925181471, 0.8659363340922545, 0.9067621448491139, 0.8254382328220572, 0.940104229677259, 0.8415217435388117, 0.8933098282724533, 0.8690960820694051, 0.8169887805203727, 0.9735561915676237, 0.8778040183434381, 0.915078508947466, 0.9872781108097879]
evaluation_score: 0.879
cost: 0.41020000000000006
